

2022-01-05 23:32:08.761008
n,k,t=32,12,4
distance between c[0] and c[1] is 16
error is [0  0  0  0  1  0  0  0  1  0  0  0  0  0  0  0  1  0  0  0  0  0  0  0  0  0  0  1  0  0  0  0]


2022-01-05 23:34:34.630855
n,k,t=64,40,4
distance between c[0] and c[1] is 39
error is [0  0  0  0  0  0  0  0  0  0  0  0  0  0  0  0  0  0  0  0  0  0  0  0  0  0 
 0  0  0  0  0  0  0  1  0  0  0  1  0  0  0  0  0  0  0  0  0  0  0  1  0  0 
 0  0  0  0  0  0  0  0  0  0  1  0]

2022-01-05 23:36:31.342345
n,k,t=128,86,6
distance between c[0] and c[1] is 70
error is [0  0  0  0  0  0  0  0  0  0  0  0  0  0  0  0  0  0  0  0  0  0  0  0  0  0 
 0  0  0  0  0  0  0  0  0  1  0  0  0  0  0  0  0  0  0  0  0  0  1  0  0  0 
 0  0  0  0  0  1  0  0  1  0  0  0  0  0  0  0  0  0  0  0  0  0  0  0  1  1 
 0  0  0  0  0  0  0  0  0  0  0  0  0  0  0  0  0  0  0  0  0  0  0  0  0  0 
 0  0  0  0  0  0  0  0  0  0  0  0  0  0  0  0  0  0  0  0  0  0  0  0]

2022-01-05 23:36:53.622862
n,k,t=64,43,6
distance between c[0] and c[1] is 36
error is [0  0  0  0  0  0  0  0  0  0  0  1  0  0  0  0  0  0  0  0  0  0  0  0  0  0 
 0  0  1  0  0  0  0  1  0  0  0  0  0  1  0  0  0  0  0  0  1  0  0  0  0  0 
 0  0  0  0  0  0  0  0  0  1  0  0]

2022-01-06 00:19:51.549740
n,k,t=128,100,4
distance between c[0] and c[1] is 54
error is [0  0  0  0  0  0  0  0  0  0  0  0  0  0  0  0  0  0  0  0  0  0  0  0  0  0  1  0  0  0 
 0  0  0  0  0  0  0  0  0  0  0  0  0  0  0  0  0  0  0  1  0  0  0  0  0  0  0  0  0  0 
 0  0  1  0  1  0  0  0  0  0  0  0  0  0  0  0  0  0  0  0  0  0  0  0  0  0  0  0  0  0 
 0  0  0  0  0  0  0  0  0  0  0  0  0  0  0  0  0  0  0  0  0  0  0  0  0  0  0  0  0  0 
 0  0  0  0  0  0  0  0]

2022-01-06 00:48:15.885451
n,k,t=27,2,5
distance between c[0] and c[1] is 11
error is [1  0  0  0  0  0  0  0  0  1  0  1  0  0  1  0  0  0  0  0  0  0  0  1  0  0 
 0]

2022-01-06 00:53:03.730078
n,k,t=128,93,5
distance between c[0] and c[1] is 67
error is [0  0  0  0  0  0  0  0  0  0  0  0  0  0  0  0  0  0  0  0  0  0  0  0  0  0 
 0  0  0  0  0  0  0  0  0  0  0  0  0  0  1  0  0  0  1  0  0  0  0  0  0  0 
 0  0  0  0  0  1  0  0  0  0  0  0  0  0  0  0  0  0  0  0  0  0  0  0  0  0 
 0  0  1  0  0  0  0  0  0  0  0  0  0  0  0  0  0  0  0  0  0  0  0  0  0  0 
 0  1  0  0  0  0  0  0  0  0  0  0  0  0  0  0  0  0  0  0  0  0  0  0]

2022-01-06 00:54:32.021117
n,k,t=27,2,5
distance between c[0] and c[1] is 12
error is [0  0  0  0  0  0  0  0  1  0  0  1  1  0  0  0  0  0  1  0  0  0  0  0  1  0 
 0]

2022-01-07 00:17:30.981234
n,k,t=64,44,5
distance between c[0] and c[1] is 30
error is [0  0  0  0  0  0  0  0  1  0  0  0  0  0  0  0  0  0  0  0  0  0  0  0  0  0  0  0  0  0  0  0 
 1  0  0  0  0  0  0  0  0  0  0  0  0  0  0  1  1  0  0  0  0  0  0  0  0  0  0  1  0  0  0  0]

2022-06-16 17:29:43.393733
n,k,t=27,2,5
distance between c[0] and c[1] is 12
error is [0  0  0  0  1  1  0  0  0  0  0  1  0  0  0  1  0  0  0  0  0  0  0  0  0  0 
 1]